    x:          approx:          exact:            relative error(log10)
   0.0010000000    0.017981184   0.0089502117   0.0039012272
   0.0020000000    0.026822772    0.017801417    -0.29518285
   0.0030000000    0.035566339    0.026554603    -0.46933133
   0.0040000000    0.044212862    0.035210742    -0.59233042
   0.0050000000    0.052763306    0.043770802    -0.68730391
   0.0060000000    0.061218627    0.052235739    -0.76455177
   0.0070000000    0.069579771    0.060606498    -0.82956830
   0.0080000000    0.077847676    0.068884017    -0.88563312
   0.0090000000    0.086023270    0.077069223    -0.93486165
    0.010000000    0.094107470    0.085163036    -0.97869827
    0.011000000     0.10210119    0.093166364     -1.0181732
    0.012000000     0.11000532     0.10108011     -1.0540472
    0.013000000     0.11782076     0.10890516     -1.0868978
    0.014000000     0.12554839     0.11664240     -1.1171741
    0.015000000     0.13318909     0.12429270     -1.1452321
    0.016000000     0.14074371     0.13185694     -1.1713588
    0.017000000     0.14821312     0.13933596     -1.1957887
    0.018000000     0.15559817     0.14673061     -1.2187165
    0.019000000     0.16289968     0.15404173     -1.2403049
    0.020000000     0.17011851     0.16127015     -1.2606917
    0.021000000     0.17725545     0.16841671     -1.2799945
    0.022000000     0.18431134     0.17548220     -1.2983145
    0.023000000     0.19128698     0.18246744     -1.3157395
    0.024000000     0.19818317     0.18937323     -1.3323458
    0.025000000     0.20500069     0.19620035     -1.3482005
    0.026000000     0.21174033     0.20294959     -1.3633630
    0.027000000     0.21840287     0.20962173     -1.3778857
    0.028000000     0.22498906     0.21621753     -1.3918153
    0.029000000     0.23149968     0.22273775     -1.4051938
    0.030000000     0.23793548     0.22918314     -1.4180587
    0.031000000     0.24429719     0.23555445     -1.4304438
    0.032000000     0.25058556     0.24185242     -1.4423799
    0.033000000     0.25680131     0.24807776     -1.4538949
    0.034000000     0.26294517     0.25423122     -1.4650139
    0.035000000     0.26901785     0.26031350     -1.4757602
    0.036000000     0.27502007     0.26632531     -1.4861549
    0.037000000     0.28095251     0.27226735     -1.4962176
    0.038000000     0.28681589     0.27814032     -1.5059659
    0.039000000     0.29261087     0.28394490     -1.5154166
    0.040000000     0.29833815     0.28968177     -1.5245847
    0.041000000     0.30399840     0.29535161     -1.5334843
    0.042000000     0.30959229     0.30095509     -1.5421287
    0.043000000     0.31512047     0.30649286     -1.5505299
    0.044000000     0.32058360     0.31196558     -1.5586992
    0.045000000     0.32598232     0.31737389     -1.5666473
    0.046000000     0.33131728     0.32271844     -1.5743839
    0.047000000     0.33658912     0.32799987     -1.5819184
    0.048000000     0.34179845     0.33321879     -1.5892593
    0.049000000     0.34694590     0.33837583     -1.5964147
    0.050000000     0.35203210     0.34347161     -1.6033924
    0.051000000     0.35705764     0.34850674     -1.6101993
    0.052000000     0.36202313     0.35348181     -1.6168424
    0.053000000     0.36692916     0.35839744     -1.6233279
    0.054000000     0.37177634     0.36325420     -1.6296618
    0.055000000     0.37656524     0.36805269     -1.6358499
    0.056000000     0.38129645     0.37279348     -1.6418975
    0.057000000     0.38597054     0.37747715     -1.6478096
    0.058000000     0.39058807     0.38210427     -1.6535911
    0.059000000     0.39514962     0.38667539     -1.6592466
    0.060000000     0.39965573     0.39119109     -1.6647804
    0.061000000     0.40410696     0.39565190     -1.6701966
    0.062000000     0.40850385     0.40005838     -1.6754992
    0.063000000     0.41284696     0.40441106     -1.6806918
    0.064000000     0.41713680     0.40871048     -1.6857781
    0.065000000     0.42137391     0.41295717     -1.6907614
    0.066000000     0.42555882     0.41715166     -1.6956449
    0.067000000     0.42969204     0.42129446     -1.7004318
    0.068000000     0.43377409     0.42538609     -1.7051250
    0.069000000     0.43780548     0.42942706     -1.7097274
    0.070000000     0.44178671     0.43341787     -1.7142415
    0.071000000     0.44571829     0.43735903     -1.7186701
    0.072000000     0.44960070     0.44125101     -1.7230156
    0.073000000     0.45343443     0.44509432     -1.7272804
    0.074000000     0.45721998     0.44888944     -1.7314667
    0.075000000     0.46095781     0.45263685     -1.7355767
    0.076000000     0.46464840     0.45633702     -1.7396126
    0.077000000     0.46829223     0.45999043     -1.7435763
    0.078000000     0.47188976     0.46359753     -1.7474698
    0.079000000     0.47544145     0.46715879     -1.7512949
    0.080000000     0.47894775     0.47067467     -1.7550535
    0.081000000     0.48240912     0.47414561     -1.7587473
    0.082000000     0.48582600     0.47757207     -1.7623779
    0.083000000     0.48919884     0.48095448     -1.7659470
    0.084000000     0.49252808     0.48429329     -1.7694560
    0.085000000     0.49581414     0.48758893     -1.7729065
    0.086000000     0.49905747     0.49084182     -1.7762999
    0.087000000     0.50225847     0.49405240     -1.7796377
    0.088000000     0.50541758     0.49722108     -1.7829210
    0.089000000     0.50853522     0.50034829     -1.7861513
    0.090000000     0.51161179     0.50343443     -1.7893298
    0.091000000     0.51464770     0.50647991     -1.7924577
    0.092000000     0.51764336     0.50948514     -1.7955361
    0.093000000     0.52059916     0.51245051     -1.7985663
    0.094000000     0.52351551     0.51537643     -1.8015492
    0.095000000     0.52639280     0.51826329     -1.8044860
    0.096000000     0.52923142     0.52111147     -1.8073776
    0.097000000     0.53203174     0.52392137     -1.8102252
    0.098000000     0.53479416     0.52669335     -1.8130295
    0.099000000     0.53751904     0.52942780     -1.8157917
     0.10000000     0.54020677     0.53212510     -1.8185125
     0.10100000     0.54285771     0.53478561     -1.8211929
     0.10200000     0.54547223     0.53740969     -1.8238337
     0.10300000     0.54805069     0.53999772     -1.8264357
     0.10400000     0.55059345     0.54255004     -1.8289998
     0.10500000     0.55310086     0.54506702     -1.8315267
     0.10600000     0.55557328     0.54754900     -1.8340172
     0.10700000     0.55801105     0.54999634     -1.8364720
     0.10800000     0.56041452     0.55240938     -1.8388919
     0.10900000     0.56278403     0.55478845     -1.8412775
     0.11000000     0.56511993     0.55713391     -1.8436295
     0.11100000     0.56742253     0.55944608     -1.8459485
     0.11200000     0.56969218     0.56172529     -1.8482353
     0.11300000     0.57192920     0.56397187     -1.8504904
     0.11400000     0.57413391     0.56618615     -1.8527145
     0.11500000     0.57630665     0.56836845     -1.8549081
     0.11600000     0.57844772     0.57051909     -1.8570718
     0.11700000     0.58055744     0.57263837     -1.8592062
     0.11800000     0.58263613     0.57472662     -1.8613117
     0.11900000     0.58468409     0.57678414     -1.8633891
     0.12000000     0.58670162     0.57881124     -1.8654387
     0.12100000     0.58868904     0.58080821     -1.8674611
     0.12200000     0.59064664     0.58277537     -1.8694568
     0.12300000     0.59257471     0.58471301     -1.8714262
     0.12400000     0.59447355     0.58662141     -1.8733698
     0.12500000     0.59634346     0.58850088     -1.8752881
     0.12600000     0.59818471     0.59035169     -1.8771815
     0.12700000     0.59999760     0.59217414     -1.8790505
     0.12800000     0.60178241     0.59396851     -1.8808955
     0.12900000     0.60353941     0.59573507     -1.8827169
     0.13000000     0.60526889     0.59747411     -1.8845151
     0.13100000     0.60697111     0.59918589     -1.8862905
     0.13200000     0.60864635     0.60087069     -1.8880435
     0.13300000     0.61029488     0.60252878     -1.8897745
     0.13400000     0.61191696     0.60416042     -1.8914839
     0.13500000     0.61351286     0.60576587     -1.8931719
     0.13600000     0.61508283     0.60734540     -1.8948390
     0.13700000     0.61662713     0.60889926     -1.8964855
     0.13800000     0.61814603     0.61042771     -1.8981117
     0.13900000     0.61963976     0.61193101     -1.8997181
     0.14000000     0.62110859     0.61340939     -1.9013048
     0.14100000     0.62255276     0.61486312     -1.9028722
     0.14200000     0.62397252     0.61629243     -1.9044207
     0.14300000     0.62536810     0.61769757     -1.9059505
     0.14400000     0.62673975     0.61907878     -1.9074619
     0.14500000     0.62808771     0.62043629     -1.9089553
     0.14600000     0.62941222     0.62177035     -1.9104308
     0.14700000     0.63071349     0.62308119     -1.9118889
     0.14800000     0.63199178     0.62436903     -1.9133297
     0.14900000     0.63324730     0.62563411     -1.9147535
     0.15000000     0.63448029     0.62687665     -1.9161606
     0.15100000     0.63569096     0.62809688     -1.9175512
     0.15200000     0.63687954     0.62929501     -1.9189256
     0.15300000     0.63804625     0.63047128     -1.9202841
     0.15400000     0.63919131     0.63162589     -1.9216268
     0.15500000     0.64031493     0.63275906     -1.9229541
     0.15600000     0.64141732     0.63387101     -1.9242661
     0.15700000     0.64249870     0.63496195     -1.9255631
     0.15800000     0.64355928     0.63603207     -1.9268453
     0.15900000     0.64459926     0.63708161     -1.9281129
     0.16000000     0.64561884     0.63811075     -1.9293662
     0.16100000     0.64661824     0.63911970     -1.9306052
     0.16200000     0.64759765     0.64010866     -1.9318304
     0.16300000     0.64855726     0.64107783     -1.9330418
     0.16400000     0.64949729     0.64202740     -1.9342396
     0.16500000     0.65041792     0.64295758     -1.9354241
     0.16600000     0.65131934     0.64386856     -1.9365955
     0.16700000     0.65220174     0.64476052     -1.9377538
     0.16800000     0.65306533     0.64563365     -1.9388994
     0.16900000     0.65391027     0.64648815     -1.9400324
     0.17000000     0.65473677     0.64732419     -1.9411529
     0.17100000     0.65554499     0.64814197     -1.9422612
     0.17200000     0.65633513     0.64894166     -1.9433574
     0.17300000     0.65710736     0.64972344     -1.9444417
     0.17400000     0.65786187     0.65048750     -1.9455142
     0.17500000     0.65859882     0.65123400     -1.9465752
     0.17600000     0.65931839     0.65196313     -1.9476247
     0.17700000     0.66002076     0.65267505     -1.9486630
     0.17800000     0.66070610     0.65336993     -1.9496902
     0.17900000     0.66137457     0.65404796     -1.9507064
     0.18000000     0.66202635     0.65470928     -1.9517118
     0.18100000     0.66266159     0.65535408     -1.9527065
     0.18200000     0.66328047     0.65598251     -1.9536907
     0.18300000     0.66388315     0.65659474     -1.9546645
     0.18400000     0.66446979     0.65719093     -1.9556281
     0.18500000     0.66504054     0.65777123     -1.9565816
     0.18600000     0.66559558     0.65833581     -1.9575251
     0.18700000     0.66613504     0.65888483     -1.9584587
     0.18800000     0.66665909     0.65941843     -1.9593827
     0.18900000     0.66716789     0.65993677     -1.9602971
     0.19000000     0.66766157     0.66044001     -1.9612020
     0.19100000     0.66814030     0.66092828     -1.9620976
     0.19200000     0.66860422     0.66140175     -1.9629840
     0.19300000     0.66905348     0.66186056     -1.9638613
     0.19400000     0.66948823     0.66230486     -1.9647297
     0.19500000     0.66990860     0.66273478     -1.9655891
     0.19600000     0.67031475     0.66315048     -1.9664399
     0.19700000     0.67070681     0.66355209     -1.9672820
     0.19800000     0.67108493     0.66393975     -1.9681156
     0.19900000     0.67144924     0.66431361     -1.9689408
     0.20000000     0.67179988     0.66467380     -1.9697578
     0.20100000     0.67213698     0.66502045     -1.9705665
     0.20200000     0.67246069     0.66535371     -1.9713671
     0.20300000     0.67277113     0.66567370     -1.9721597
     0.20400000     0.67306844     0.66598055     -1.9729445
     0.20500000     0.67335275     0.66627440     -1.9737215
     0.20600000     0.67362418     0.66655538     -1.9744907
     0.20700000     0.67388287     0.66682362     -1.9752524
     0.20800000     0.67412893     0.66707923     -1.9760066
     0.20900000     0.67436251     0.66732235     -1.9767534
     0.21000000     0.67458372     0.66755311     -1.9774929
     0.21100000     0.67479268     0.66777161     -1.9782251
     0.21200000     0.67498951     0.66797800     -1.9789502
     0.21300000     0.67517435     0.66817238     -1.9796683
     0.21400000     0.67534730     0.66835487     -1.9803794
     0.21500000     0.67550848     0.66852560     -1.9810837
     0.21600000     0.67565802     0.66868469     -1.9817811
     0.21700000     0.67579602     0.66883223     -1.9824719
     0.21800000     0.67592261     0.66896837     -1.9831560
     0.21900000     0.67603789     0.66909319     -1.9838336
     0.22000000     0.67614198     0.66920683     -1.9845047
     0.22100000     0.67623499     0.66930938     -1.9851694
     0.22200000     0.67631703     0.66940097     -1.9858279
     0.22300000     0.67638820     0.66948169     -1.9864801
     0.22400000     0.67644863     0.66955167     -1.9871261
     0.22500000     0.67649841     0.66961099     -1.9877661
     0.22600000     0.67653765     0.66965978     -1.9884000
     0.22700000     0.67656645     0.66969813     -1.9890280
     0.22800000     0.67658493     0.66972614     -1.9896501
     0.22900000     0.67659317     0.66974393     -1.9902665
     0.23000000     0.67659129     0.66975160     -1.9908771
     0.23100000     0.67657938     0.66974924     -1.9914821
     0.23200000     0.67655755     0.66973695     -1.9920814
     0.23300000     0.67652589     0.66971483     -1.9926752
     0.23400000     0.67648450     0.66968299     -1.9932636
     0.23500000     0.67643348     0.66964151     -1.9938466
     0.23600000     0.67637292     0.66959049     -1.9944242
     0.23700000     0.67630292     0.66953003     -1.9949966
     0.23800000     0.67622357     0.66946023     -1.9955637
     0.23900000     0.67613496     0.66938117     -1.9961257
     0.24000000     0.67603719     0.66929294     -1.9966826
     0.24100000     0.67593035     0.66919565     -1.9972345
     0.24200000     0.67581453     0.66908937     -1.9977814
     0.24300000     0.67568982     0.66897420     -1.9983234
     0.24400000     0.67555630     0.66885023     -1.9988606
     0.24500000     0.67541407     0.66871754     -1.9993929
     0.24600000     0.67526320     0.66857622     -1.9999205
     0.24700000     0.67510380     0.66842635     -2.0004434
     0.24800000     0.67493593     0.66826803     -2.0009617
     0.24900000     0.67475969     0.66810134     -2.0014754
     0.25000000     0.67457516     0.66792635     -2.0019845
     0.25100000     0.67438242     0.66774316     -2.0024892
     0.25200000     0.67418156     0.66755183     -2.0029895
     0.25300000     0.67397265     0.66735247     -2.0034853
     0.25400000     0.67375577     0.66714513     -2.0039769
     0.25500000     0.67353101     0.66692991     -2.0044642
     0.25600000     0.67329843     0.66670688     -2.0049472
     0.25700000     0.67305813     0.66647612     -2.0054261
     0.25800000     0.67281018     0.66623771     -2.0059008
     0.25900000     0.67255464     0.66599172     -2.0063714
     0.26000000     0.67229161     0.66573823     -2.0068380
     0.26100000     0.67202114     0.66547731     -2.0073007
     0.26200000     0.67174333     0.66520903     -2.0077593
     0.26300000     0.67145823     0.66493348     -2.0082141
     0.26400000     0.67116593     0.66465072     -2.0086650
     0.26500000     0.67086649     0.66436082     -2.0091121
     0.26600000     0.67055998     0.66406385     -2.0095554
     0.26700000     0.67024648     0.66375990     -2.0099950
     0.26800000     0.66992605     0.66344901     -2.0104309
     0.26900000     0.66959877     0.66313127     -2.0108631
     0.27000000     0.66926470     0.66280675     -2.0112917
     0.27100000     0.66892391     0.66247550     -2.0117168
     0.27200000     0.66857647     0.66213759     -2.0121384
     0.27300000     0.66822244     0.66179310     -2.0125564
     0.27400000     0.66786188     0.66144209     -2.0129711
     0.27500000     0.66749487     0.66108462     -2.0133823
     0.27600000     0.66712147     0.66072076     -2.0137901
     0.27700000     0.66674173     0.66035057     -2.0141946
     0.27800000     0.66635574     0.65997411     -2.0145958
     0.27900000     0.66596353     0.65959145     -2.0149938
     0.28000000     0.66556519     0.65920265     -2.0153885
     0.28100000     0.66516076     0.65880776     -2.0157800
     0.28200000     0.66475032     0.65840686     -2.0161684
     0.28300000     0.66433391     0.65799999     -2.0165537
     0.28400000     0.66391160     0.65758723     -2.0169359
     0.28500000     0.66348345     0.65716862     -2.0173150
     0.28600000     0.66304951     0.65674422     -2.0176912
     0.28700000     0.66260985     0.65631410     -2.0180643
     0.28800000     0.66216452     0.65587831     -2.0184345
     0.28900000     0.66171357     0.65543691     -2.0188018
     0.29000000     0.66125707     0.65498995     -2.0191663
     0.29100000     0.66079507     0.65453748     -2.0195278
     0.29200000     0.66032761     0.65407957     -2.0198866
     0.29300000     0.65985477     0.65361626     -2.0202425
     0.29400000     0.65937658     0.65314762     -2.0205957
     0.29500000     0.65889311     0.65267369     -2.0209462
     0.29600000     0.65840440     0.65219452     -2.0212940
     0.29700000     0.65791051     0.65171017     -2.0216391
     0.29800000     0.65741149     0.65122070     -2.0219816
     0.29900000     0.65690740     0.65072614     -2.0223214
     0.30000000     0.65639827     0.65022655     -2.0226587
     0.30100000     0.65588416     0.64972199     -2.0229935
     0.30200000     0.65536513     0.64921249     -2.0233257
     0.30300000     0.65484121     0.64869812     -2.0236554
     0.30400000     0.65431247     0.64817891     -2.0239827
     0.30500000     0.65377894     0.64765492     -2.0243075
     0.30600000     0.65324067     0.64712620     -2.0246299
     0.30700000     0.65269772     0.64659278     -2.0249500
     0.30800000     0.65215012     0.64605473     -2.0252676
     0.30900000     0.65159793     0.64551207     -2.0255830
     0.31000000     0.65104118     0.64496487     -2.0258960
     0.31100000     0.65047994     0.64441316     -2.0262068
     0.31200000     0.64991423     0.64385700     -2.0265153
     0.31300000     0.64934410     0.64329641     -2.0268215
     0.31400000     0.64876961     0.64273146     -2.0271256
     0.31500000     0.64819078     0.64216217     -2.0274275
     0.31600000     0.64760768     0.64158861     -2.0277272
     0.31700000     0.64702032     0.64101079     -2.0280248
     0.31800000     0.64642877     0.64042878     -2.0283203
     0.31900000     0.64583306     0.63984261     -2.0286137
     0.32000000     0.64523323     0.63925232     -2.0289050
     0.32100000     0.64462933     0.63865796     -2.0291943
     0.32200000     0.64402139     0.63805956     -2.0294816
     0.32300000     0.64340946     0.63745717     -2.0297668
     0.32400000     0.64279357     0.63685081     -2.0300501
     0.32500000     0.64217376     0.63624055     -2.0303315
     0.32600000     0.64155007     0.63562640     -2.0306109
     0.32700000     0.64092255     0.63500842     -2.0308885
     0.32800000     0.64029123     0.63438663     -2.0311641
     0.32900000     0.63965614     0.63376109     -2.0314379
     0.33000000     0.63901733     0.63313181     -2.0317098
     0.33100000     0.63837483     0.63249885     -2.0319799
     0.33200000     0.63772868     0.63186224     -2.0322482
     0.33300000     0.63707891     0.63122201     -2.0325147
     0.33400000     0.63642556     0.63057821     -2.0327795
     0.33500000     0.63576867     0.62993085     -2.0330425
     0.33600000     0.63510827     0.62928000     -2.0333038
     0.33700000     0.63444440     0.62862566     -2.0335634
     0.33800000     0.63377709     0.62796789     -2.0338213
     0.33900000     0.63310637     0.62730671     -2.0340775
     0.34000000     0.63243228     0.62664217     -2.0343321
     0.34100000     0.63175486     0.62597428     -2.0345851
     0.34200000     0.63107413     0.62530309     -2.0348365
     0.34300000     0.63039013     0.62462863     -2.0350862
     0.34400000     0.62970289     0.62395093     -2.0353344
     0.34500000     0.62901245     0.62327003     -2.0355811
     0.34600000     0.62831883     0.62258595     -2.0358262
     0.34700000     0.62762207     0.62189872     -2.0360698
     0.34800000     0.62692219     0.62120839     -2.0363119
     0.34900000     0.62621924     0.62051497     -2.0365525
     0.35000000     0.62551323     0.61981851     -2.0367916
     0.35100000     0.62480421     0.61911902     -2.0370293
     0.35200000     0.62409219     0.61841655     -2.0372656
     0.35300000     0.62337722     0.61771111     -2.0375004
     0.35400000     0.62265932     0.61700274     -2.0377338
     0.35500000     0.62193851     0.61629148     -2.0379659
     0.35600000     0.62121483     0.61557734     -2.0381966
     0.35700000     0.62048831     0.61486035     -2.0384259
     0.35800000     0.61975897     0.61414055     -2.0386539
     0.35900000     0.61902684     0.61341797     -2.0388806
     0.36000000     0.61829196     0.61269262     -2.0391060
     0.36100000     0.61755434     0.61196454     -2.0393301
     0.36200000     0.61681402     0.61123376     -2.0395529
     0.36300000     0.61607102     0.61050030     -2.0397744
     0.36400000     0.61532536     0.60976418     -2.0399947
     0.36500000     0.61457709     0.60902544     -2.0402138
     0.36600000     0.61382621     0.60828410     -2.0404317
     0.36700000     0.61307276     0.60754019     -2.0406483
     0.36800000     0.61231676     0.60679373     -2.0408638
     0.36900000     0.61155824     0.60604475     -2.0410781
     0.37000000     0.61079722     0.60529327     -2.0412913
     0.37100000     0.61003373     0.60453932     -2.0415033
     0.37200000     0.60926779     0.60378292     -2.0417142
     0.37300000     0.60849943     0.60302410     -2.0419239
     0.37400000     0.60772867     0.60226288     -2.0421326
     0.37500000     0.60695554     0.60149928     -2.0423402
     0.37600000     0.60618005     0.60073333     -2.0425467
     0.37700000     0.60540223     0.59996505     -2.0427521
     0.37800000     0.60462211     0.59919447     -2.0429565
     0.37900000     0.60383971     0.59842160     -2.0431599
     0.38000000     0.60305505     0.59764648     -2.0433622
     0.38100000     0.60226815     0.59686912     -2.0435636
     0.38200000     0.60147903     0.59608954     -2.0437639
     0.38300000     0.60068772     0.59530777     -2.0439632
     0.38400000     0.59989424     0.59452383     -2.0441616
     0.38500000     0.59909862     0.59373774     -2.0443590
     0.38600000     0.59830086     0.59294952     -2.0445555
     0.38700000     0.59750100     0.59215920     -2.0447510
     0.38800000     0.59669905     0.59136679     -2.0449456
     0.38900000     0.59589504     0.59057231     -2.0451394
     0.39000000     0.59508898     0.58977579     -2.0453322
     0.39100000     0.59428090     0.58897725     -2.0455241
     0.39200000     0.59347081     0.58817670     -2.0457151
     0.39300000     0.59265874     0.58737417     -2.0459053
     0.39400000     0.59184470     0.58656967     -2.0460946
     0.39500000     0.59102872     0.58576323     -2.0462831
     0.39600000     0.59021082     0.58495486     -2.0464708
     0.39700000     0.58939101     0.58414459     -2.0466576
     0.39800000     0.58856931     0.58333243     -2.0468437
     0.39900000     0.58774574     0.58251840     -2.0470289
     0.40000000     0.58692032     0.58170252     -2.0472134
     0.40100000     0.58609307     0.58088481     -2.0473970
     0.40200000     0.58526401     0.58006529     -2.0475800
     0.40300000     0.58443315     0.57924397     -2.0477621
     0.40400000     0.58360052     0.57842087     -2.0479436
     0.40500000     0.58276612     0.57759601     -2.0481243
     0.40600000     0.58192999     0.57676941     -2.0483042
     0.40700000     0.58109213     0.57594109     -2.0484835
     0.40800000     0.58025256     0.57511106     -2.0486621
     0.40900000     0.57941129     0.57427934     -2.0488399
     0.41000000     0.57856836     0.57344594     -2.0490171
     0.41100000     0.57772377     0.57261088     -2.0491936
     0.41200000     0.57687754     0.57177419     -2.0493695
     0.41300000     0.57602968     0.57093587     -2.0495447
     0.41400000     0.57518021     0.57009594     -2.0497193
     0.41500000     0.57432916     0.56925442     -2.0498932
     0.41600000     0.57347652     0.56841133     -2.0500666
     0.41700000     0.57262233     0.56756667     -2.0502393
     0.41800000     0.57176659     0.56672047     -2.0504114
     0.41900000     0.57090932     0.56587274     -2.0505829
     0.42000000     0.57005053     0.56502349     -2.0507538
     0.42100000     0.56919025     0.56417275     -2.0509242
     0.42200000     0.56832848     0.56332051     -2.0510940
     0.42300000     0.56746524     0.56246681     -2.0512633
     0.42400000     0.56660055     0.56161166     -2.0514320
     0.42500000     0.56573442     0.56075506     -2.0516001
     0.42600000     0.56486686     0.55989704     -2.0517678
     0.42700000     0.56399788     0.55903760     -2.0519349
     0.42800000     0.56312751     0.55817677     -2.0521015
     0.42900000     0.56225576     0.55731455     -2.0522676
     0.43000000     0.56138263     0.55645096     -2.0524332
     0.43100000     0.56050815     0.55558602     -2.0525983
     0.43200000     0.55963232     0.55471973     -2.0527630
     0.43300000     0.55875516     0.55385211     -2.0529272
     0.43400000     0.55787669     0.55298318     -2.0530909
     0.43500000     0.55699691     0.55211294     -2.0532542
     0.43600000     0.55611585     0.55124141     -2.0534170
     0.43700000     0.55523350     0.55036860     -2.0535794
     0.43800000     0.55434989     0.54949453     -2.0537414
     0.43900000     0.55346503     0.54861920     -2.0539030
     0.44000000     0.55257893     0.54774264     -2.0540642
     0.44100000     0.55169160     0.54686484     -2.0542249
     0.44200000     0.55080305     0.54598583     -2.0543853
     0.44300000     0.54991330     0.54510562     -2.0545453
     0.44400000     0.54902236     0.54422422     -2.0547049
     0.44500000     0.54813024     0.54334164     -2.0548642
     0.44600000     0.54723695     0.54245789     -2.0550231
     0.44700000     0.54634251     0.54157298     -2.0551816
     0.44800000     0.54544692     0.54068693     -2.0553398
     0.44900000     0.54455019     0.53979974     -2.0554976
     0.45000000     0.54365235     0.53891143     -2.0556552
     0.45100000     0.54275339     0.53802202     -2.0558124
     0.45200000     0.54185334     0.53713150     -2.0559693
     0.45300000     0.54095219     0.53623989     -2.0561259
     0.45400000     0.54004997     0.53534721     -2.0562822
     0.45500000     0.53914668     0.53445345     -2.0564382
     0.45600000     0.53824233     0.53355864     -2.0565939
     0.45700000     0.53733694     0.53266279     -2.0567494
     0.45800000     0.53643051     0.53176590     -2.0569046
     0.45900000     0.53552306     0.53086798     -2.0570595
     0.46000000     0.53461459     0.52996905     -2.0572142
     0.46100000     0.53370512     0.52906911     -2.0573686
     0.46200000     0.53279465     0.52816818     -2.0575228
     0.46300000     0.53188319     0.52726626     -2.0576767
     0.46400000     0.53097076     0.52636337     -2.0578305
     0.46500000     0.53005736     0.52545951     -2.0579840
     0.46600000     0.52914301     0.52455469     -2.0581373
     0.46700000     0.52822771     0.52364893     -2.0582904
     0.46800000     0.52731148     0.52274223     -2.0584433
     0.46900000     0.52639431     0.52183461     -2.0585961
     0.47000000     0.52547623     0.52092606     -2.0587486
     0.47100000     0.52455724     0.52001661     -2.0589010
     0.47200000     0.52363734     0.51910625     -2.0590532
     0.47300000     0.52271656     0.51819500     -2.0592053
     0.47400000     0.52179489     0.51728287     -2.0593572
     0.47500000     0.52087235     0.51636987     -2.0595089
     0.47600000     0.51994895     0.51545600     -2.0596605
     0.47700000     0.51902468     0.51454128     -2.0598120
     0.47800000     0.51809957     0.51362570     -2.0599634
     0.47900000     0.51717362     0.51270929     -2.0601146
     0.48000000     0.51624684     0.51179204     -2.0602657
     0.48100000     0.51531924     0.51087398     -2.0604167
     0.48200000     0.51439082     0.50995510     -2.0605677
     0.48300000     0.51346159     0.50903541     -2.0607185
     0.48400000     0.51253157     0.50811492     -2.0608693
     0.48500000     0.51160075     0.50719364     -2.0610199
     0.48600000     0.51066915     0.50627158     -2.0611705
     0.48700000     0.50973678     0.50534874     -2.0613211
     0.48800000     0.50880364     0.50442514     -2.0614715
     0.48900000     0.50786974     0.50350078     -2.0616220
     0.49000000     0.50693509     0.50257566     -2.0617723
     0.49100000     0.50599969     0.50164980     -2.0619227
     0.49200000     0.50506356     0.50072321     -2.0620730
     0.49300000     0.50412669     0.49979588     -2.0622233
     0.49400000     0.50318910     0.49886783     -2.0623735
     0.49500000     0.50225080     0.49793906     -2.0625238
     0.49600000     0.50131179     0.49700959     -2.0626740
     0.49700000     0.50037208     0.49607942     -2.0628243
     0.49800000     0.49943167     0.49514855     -2.0629745
     0.49900000     0.49849058     0.49421699     -2.0631248
     0.50000000     0.49754881     0.49328475     -2.0632751
     0.50100000     0.49660636     0.49235184     -2.0634254
     0.50200000     0.49566324     0.49141826     -2.0635758
     0.50300000     0.49471947     0.49048403     -2.0637262
     0.50400000     0.49377504     0.48954913     -2.0638766
     0.50500000     0.49282996     0.48861359     -2.0640271
     0.50600000     0.49188424     0.48767741     -2.0641776
     0.50700000     0.49093789     0.48674060     -2.0643282
     0.50800000     0.48999091     0.48580315     -2.0644789
     0.50900000     0.48904331     0.48486509     -2.0646297
     0.51000000     0.48809509     0.48392641     -2.0647805
     0.51100000     0.48714626     0.48298712     -2.0649315
     0.51200000     0.48619683     0.48204722     -2.0650825
     0.51300000     0.48524680     0.48110673     -2.0652336
     0.51400000     0.48429618     0.48016565     -2.0653849
     0.51500000     0.48334497     0.47922398     -2.0655362
     0.51600000     0.48239319     0.47828173     -2.0656877
     0.51700000     0.48144083     0.47733890     -2.0658393
     0.51800000     0.48048790     0.47639551     -2.0659910
     0.51900000     0.47953440     0.47545156     -2.0661429
     0.52000000     0.47858036     0.47450704     -2.0662950
     0.52100000     0.47762575     0.47356198     -2.0664471
     0.52200000     0.47667061     0.47261637     -2.0665995
     0.52300000     0.47571492     0.47167022     -2.0667520
     0.52400000     0.47475870     0.47072353     -2.0669047
     0.52500000     0.47380194     0.46977632     -2.0670575
     0.52600000     0.47284467     0.46882858     -2.0672106
     0.52700000     0.47188687     0.46788032     -2.0673638
     0.52800000     0.47092856     0.46693154     -2.0675173
     0.52900000     0.46996974     0.46598226     -2.0676709
     0.53000000     0.46901041     0.46503247     -2.0678248
     0.53100000     0.46805059     0.46408218     -2.0679788
     0.53200000     0.46709027     0.46313140     -2.0681331
     0.53300000     0.46612946     0.46218013     -2.0682876
     0.53400000     0.46516817     0.46122837     -2.0684424
     0.53500000     0.46420640     0.46027614     -2.0685974
     0.53600000     0.46324415     0.45932343     -2.0687527
     0.53700000     0.46228143     0.45837025     -2.0689082
     0.53800000     0.46131825     0.45741660     -2.0690639
     0.53900000     0.46035461     0.45646250     -2.0692200
     0.54000000     0.45939051     0.45550794     -2.0693763
     0.54100000     0.45842596     0.45455292     -2.0695329
     0.54200000     0.45746096     0.45359746     -2.0696897
     0.54300000     0.45649552     0.45264156     -2.0698469
     0.54400000     0.45552964     0.45168521     -2.0700044
     0.54500000     0.45456333     0.45072844     -2.0701622
     0.54600000     0.45359658     0.44977123     -2.0703203
     0.54700000     0.45262942     0.44881360     -2.0704787
     0.54800000     0.45166183     0.44785555     -2.0706374
     0.54900000     0.45069382     0.44689708     -2.0707965
     0.55000000     0.44972540     0.44593820     -2.0709559
     0.55100000     0.44875658     0.44497891     -2.0711157
     0.55200000     0.44778734     0.44401921     -2.0712758
     0.55300000     0.44681771     0.44305912     -2.0714363
     0.55400000     0.44584768     0.44209862     -2.0715971
     0.55500000     0.44487726     0.44113774     -2.0717583
     0.55600000     0.44390645     0.44017647     -2.0719199
     0.55700000     0.44293525     0.43921481     -2.0720819
     0.55800000     0.44196368     0.43825277     -2.0722443
     0.55900000     0.44099172     0.43729035     -2.0724070
     0.56000000     0.44001940     0.43632756     -2.0725702
     0.56100000     0.43904670     0.43536440     -2.0727338
     0.56200000     0.43807364     0.43440087     -2.0728979
     0.56300000     0.43710021     0.43343698     -2.0730623
     0.56400000     0.43612643     0.43247274     -2.0732272
     0.56500000     0.43515229     0.43150813     -2.0733925
     0.56600000     0.43417779     0.43054318     -2.0735583
     0.56700000     0.43320295     0.42957788     -2.0737245
     0.56800000     0.43222777     0.42861223     -2.0738912
     0.56900000     0.43125224     0.42764624     -2.0740584
     0.57000000     0.43027638     0.42667991     -2.0742260
     0.57100000     0.42930018     0.42571325     -2.0743941
     0.57200000     0.42832365     0.42474626     -2.0745627
     0.57300000     0.42734679     0.42377894     -2.0747319
     0.57400000     0.42636961     0.42281129     -2.0749015
     0.57500000     0.42539211     0.42184332     -2.0750716
     0.57600000     0.42441429     0.42087504     -2.0752423
     0.57700000     0.42343615     0.41990644     -2.0754135
     0.57800000     0.42245770     0.41893753     -2.0755852
     0.57900000     0.42147894     0.41796830     -2.0757574
     0.58000000     0.42049988     0.41699878     -2.0759303
     0.58100000     0.41952051     0.41602895     -2.0761036
     0.58200000     0.41854084     0.41505882     -2.0762776
     0.58300000     0.41756088     0.41408839     -2.0764521
     0.58400000     0.41658062     0.41311767     -2.0766272
     0.58500000     0.41560008     0.41214666     -2.0768029
     0.58600000     0.41461924     0.41117536     -2.0769791
     0.58700000     0.41363812     0.41020378     -2.0771560
     0.58800000     0.41265672     0.40923191     -2.0773335
     0.58900000     0.41167503     0.40825976     -2.0775116
     0.59000000     0.41069307     0.40728734     -2.0776904
     0.59100000     0.40971084     0.40631464     -2.0778698
     0.59200000     0.40872834     0.40534168     -2.0780498
     0.59300000     0.40774556     0.40436844     -2.0782305
     0.59400000     0.40676252     0.40339494     -2.0784118
     0.59500000     0.40577922     0.40242117     -2.0785938
     0.59600000     0.40479566     0.40144715     -2.0787765
     0.59700000     0.40381184     0.40047286     -2.0789599
     0.59800000     0.40282776     0.39949832     -2.0791440
     0.59900000     0.40184343     0.39852353     -2.0793287
     0.60000000     0.40085885     0.39754849     -2.0795142
     0.60100000     0.39987403     0.39657320     -2.0797004
     0.60200000     0.39888895     0.39559766     -2.0798874
     0.60300000     0.39790364     0.39462188     -2.0800750
     0.60400000     0.39691808     0.39364586     -2.0802635
     0.60500000     0.39593229     0.39266960     -2.0804526
     0.60600000     0.39494626     0.39169311     -2.0806426
     0.60700000     0.39395999     0.39071638     -2.0808333
     0.60800000     0.39297350     0.38973943     -2.0810248
     0.60900000     0.39198677     0.38876224     -2.0812171
     0.61000000     0.39099982     0.38778483     -2.0814101
     0.61100000     0.39001265     0.38680719     -2.0816040
     0.61200000     0.38902525     0.38582933     -2.0817987
     0.61300000     0.38803764     0.38485125     -2.0819943
     0.61400000     0.38704980     0.38387295     -2.0821907
     0.61500000     0.38606175     0.38289444     -2.0823879
     0.61600000     0.38507349     0.38191571     -2.0825860
     0.61700000     0.38408502     0.38093678     -2.0827850
     0.61800000     0.38309633     0.37995763     -2.0829848
     0.61900000     0.38210744     0.37897828     -2.0831855
     0.62000000     0.38111835     0.37799872     -2.0833871
     0.62100000     0.38012905     0.37701896     -2.0835897
     0.62200000     0.37913955     0.37603899     -2.0837931
     0.62300000     0.37814985     0.37505883     -2.0839975
     0.62400000     0.37715996     0.37407847     -2.0842028
     0.62500000     0.37616987     0.37309792     -2.0844091
     0.62600000     0.37517959     0.37211717     -2.0846163
     0.62700000     0.37418911     0.37113624     -2.0848245
     0.62800000     0.37319845     0.37015511     -2.0850337
     0.62900000     0.37220760     0.36917380     -2.0852438
     0.63000000     0.37121656     0.36819230     -2.0854550
     0.63100000     0.37022534     0.36721061     -2.0856672
     0.63200000     0.36923394     0.36622875     -2.0858804
     0.63300000     0.36824236     0.36524670     -2.0860947
     0.63400000     0.36725060     0.36426448     -2.0863100
     0.63500000     0.36625866     0.36328208     -2.0865263
     0.63600000     0.36526655     0.36229951     -2.0867438
     0.63700000     0.36427427     0.36131676     -2.0869623
     0.63800000     0.36328181     0.36033384     -2.0871819
     0.63900000     0.36228919     0.35935075     -2.0874026
     0.64000000     0.36129640     0.35836750     -2.0876245
     0.64100000     0.36030344     0.35738408     -2.0878475
     0.64200000     0.35931031     0.35640049     -2.0880716
     0.64300000     0.35831703     0.35541674     -2.0882969
     0.64400000     0.35732358     0.35443283     -2.0885233
     0.64500000     0.35632997     0.35344876     -2.0887510
     0.64600000     0.35533621     0.35246453     -2.0889798
     0.64700000     0.35434229     0.35148015     -2.0892098
     0.64800000     0.35334821     0.35049561     -2.0894411
     0.64900000     0.35235398     0.34951092     -2.0896736
     0.65000000     0.35135960     0.34852607     -2.0899074
     0.65100000     0.35036507     0.34754108     -2.0901424
     0.65200000     0.34937039     0.34655593     -2.0903787
     0.65300000     0.34837556     0.34557064     -2.0906163
     0.65400000     0.34738059     0.34458520     -2.0908551
     0.65500000     0.34638547     0.34359962     -2.0910954
     0.65600000     0.34539021     0.34261390     -2.0913369
     0.65700000     0.34439480     0.34162803     -2.0915798
     0.65800000     0.34339926     0.34064202     -2.0918241
     0.65900000     0.34240358     0.33965588     -2.0920697
     0.66000000     0.34140776     0.33866960     -2.0923167
     0.66100000     0.34041180     0.33768318     -2.0925652
     0.66200000     0.33941571     0.33669662     -2.0928150
     0.66300000     0.33841949     0.33570994     -2.0930663
     0.66400000     0.33742314     0.33472312     -2.0933191
     0.66500000     0.33642665     0.33373617     -2.0935733
     0.66600000     0.33543003     0.33274909     -2.0938291
     0.66700000     0.33443329     0.33176188     -2.0940863
     0.66800000     0.33343642     0.33077455     -2.0943451
     0.66900000     0.33243942     0.32978709     -2.0946054
     0.67000000     0.33144230     0.32879951     -2.0948672
     0.67100000     0.33044506     0.32781180     -2.0951306
     0.67200000     0.32944770     0.32682397     -2.0953957
     0.67300000     0.32845021     0.32583602     -2.0956623
     0.67400000     0.32745260     0.32484795     -2.0959305
     0.67500000     0.32645488     0.32385977     -2.0962004
     0.67600000     0.32545704     0.32287146     -2.0964720
     0.67700000     0.32445908     0.32188304     -2.0967452
     0.67800000     0.32346101     0.32089451     -2.0970202
     0.67900000     0.32246283     0.31990586     -2.0972969
     0.68000000     0.32146453     0.31891710     -2.0975753
     0.68100000     0.32046612     0.31792822     -2.0978554
     0.68200000     0.31946760     0.31693924     -2.0981374
     0.68300000     0.31846897     0.31595015     -2.0984211
     0.68400000     0.31747024     0.31496095     -2.0987067
     0.68500000     0.31647139     0.31397164     -2.0989941
     0.68600000     0.31547244     0.31298223     -2.0992834
     0.68700000     0.31447339     0.31199271     -2.0995745
     0.68800000     0.31347423     0.31100309     -2.0998676
     0.68900000     0.31247497     0.31001337     -2.1001626
     0.69000000     0.31147561     0.30902354     -2.1004595
     0.69100000     0.31047614     0.30803361     -2.1007584
     0.69200000     0.30947658     0.30704359     -2.1010593
     0.69300000     0.30847692     0.30605346     -2.1013622
     0.69400000     0.30747716     0.30506324     -2.1016672
     0.69500000     0.30647730     0.30407292     -2.1019742
     0.69600000     0.30547735     0.30308250     -2.1022833
     0.69700000     0.30447730     0.30209199     -2.1025945
     0.69800000     0.30347716     0.30110139     -2.1029079
     0.69900000     0.30247692     0.30011069     -2.1032234
     0.70000000     0.30147660     0.29911990     -2.1035411
     0.70100000     0.30047618     0.29812902     -2.1038610
     0.70200000     0.29947567     0.29713805     -2.1041832
     0.70300000     0.29847507     0.29614698     -2.1045076
     0.70400000     0.29747439     0.29515583     -2.1048343
     0.70500000     0.29647361     0.29416460     -2.1051634
     0.70600000     0.29547275     0.29317327     -2.1054948
     0.70700000     0.29447181     0.29218186     -2.1058285
     0.70800000     0.29347078     0.29119037     -2.1061647
     0.70900000     0.29246966     0.29019879     -2.1065033
     0.71000000     0.29146846     0.28920713     -2.1068444
     0.71100000     0.29046718     0.28821538     -2.1071879
     0.71200000     0.28946582     0.28722356     -2.1075340
     0.71300000     0.28846437     0.28623165     -2.1078827
     0.71400000     0.28746285     0.28523966     -2.1082339
     0.71500000     0.28646125     0.28424760     -2.1085877
     0.71600000     0.28545957     0.28325545     -2.1089442
     0.71700000     0.28445781     0.28226323     -2.1093034
     0.71800000     0.28345597     0.28127093     -2.1096653
     0.71900000     0.28245406     0.28027855     -2.1100299
     0.72000000     0.28145207     0.27928610     -2.1103974
     0.72100000     0.28045001     0.27829358     -2.1107676
     0.72200000     0.27944787     0.27730098     -2.1111407
     0.72300000     0.27844566     0.27630830     -2.1115167
     0.72400000     0.27744338     0.27531556     -2.1118956
     0.72500000     0.27644103     0.27432274     -2.1122775
     0.72600000     0.27543860     0.27332985     -2.1126624
     0.72700000     0.27443611     0.27233689     -2.1130503
     0.72800000     0.27343354     0.27134387     -2.1134413
     0.72900000     0.27243091     0.27035077     -2.1138354
     0.73000000     0.27142820     0.26935760     -2.1142327
     0.73100000     0.27042544     0.26836437     -2.1146331
     0.73200000     0.26942260     0.26737107     -2.1150368
     0.73300000     0.26841970     0.26637770     -2.1154438
     0.73400000     0.26741673     0.26538427     -2.1158541
     0.73500000     0.26641370     0.26439078     -2.1162678
     0.73600000     0.26541060     0.26339722     -2.1166849
     0.73700000     0.26440744     0.26240359     -2.1171055
     0.73800000     0.26340421     0.26140990     -2.1175296
     0.73900000     0.26240093     0.26041615     -2.1179572
     0.74000000     0.26139758     0.25942234     -2.1183884
     0.74100000     0.26039417     0.25842847     -2.1188232
     0.74200000     0.25939070     0.25743454     -2.1192618
     0.74300000     0.25838717     0.25644054     -2.1197041
     0.74400000     0.25738358     0.25544649     -2.1201502
     0.74500000     0.25637993     0.25445238     -2.1206002
     0.74600000     0.25537623     0.25345821     -2.1210540
     0.74700000     0.25437247     0.25246399     -2.1215118
     0.74800000     0.25336865     0.25146970     -2.1219736
     0.74900000     0.25236477     0.25047536     -2.1224395
     0.75000000     0.25136084     0.24948097     -2.1229095
     0.75100000     0.25035685     0.24848651     -2.1233837
     0.75200000     0.24935281     0.24749201     -2.1238622
     0.75300000     0.24834871     0.24649745     -2.1243449
     0.75400000     0.24734456     0.24550283     -2.1248320
     0.75500000     0.24634035     0.24450817     -2.1253235
     0.75600000     0.24533610     0.24351345     -2.1258195
     0.75700000     0.24433179     0.24251868     -2.1263200
     0.75800000     0.24332743     0.24152385     -2.1268252
     0.75900000     0.24232302     0.24052898     -2.1273350
     0.76000000     0.24131856     0.23953405     -2.1278496
     0.76100000     0.24031405     0.23853908     -2.1283690
     0.76200000     0.23930948     0.23754405     -2.1288933
     0.76300000     0.23830487     0.23654898     -2.1294226
     0.76400000     0.23730022     0.23555386     -2.1299569
     0.76500000     0.23629551     0.23455869     -2.1304963
     0.76600000     0.23529075     0.23356347     -2.1310409
     0.76700000     0.23428595     0.23256820     -2.1315907
     0.76800000     0.23328110     0.23157289     -2.1321459
     0.76900000     0.23227621     0.23057753     -2.1327066
     0.77000000     0.23127127     0.22958213     -2.1332727
     0.77100000     0.23026628     0.22858668     -2.1338444
     0.77200000     0.22926125     0.22759119     -2.1344219
     0.77300000     0.22825618     0.22659565     -2.1350050
     0.77400000     0.22725106     0.22560007     -2.1355941
     0.77500000     0.22624590     0.22460444     -2.1361891
     0.77600000     0.22524069     0.22360877     -2.1367901
     0.77700000     0.22423545     0.22261306     -2.1373973
     0.77800000     0.22323016     0.22161731     -2.1380106
     0.77900000     0.22222482     0.22062151     -2.1386304
     0.78000000     0.22121945     0.21962568     -2.1392566
     0.78100000     0.22021404     0.21862980     -2.1398893
     0.78200000     0.21920858     0.21763388     -2.1405286
     0.78300000     0.21820309     0.21663792     -2.1411747
     0.78400000     0.21719755     0.21564192     -2.1418277
     0.78500000     0.21619198     0.21464589     -2.1424876
     0.78600000     0.21518636     0.21364981     -2.1431547
     0.78700000     0.21418071     0.21265370     -2.1438289
     0.78800000     0.21317502     0.21165754     -2.1445105
     0.78900000     0.21216930     0.21066135     -2.1451996
     0.79000000     0.21116353     0.20966512     -2.1458962
     0.79100000     0.21015773     0.20866886     -2.1466005
     0.79200000     0.20915189     0.20767255     -2.1473127
     0.79300000     0.20814601     0.20667622     -2.1480328
     0.79400000     0.20714010     0.20567984     -2.1487611
     0.79500000     0.20613416     0.20468343     -2.1494976
     0.79600000     0.20512817     0.20368699     -2.1502425
     0.79700000     0.20412216     0.20269050     -2.1509960
     0.79800000     0.20311611     0.20169399     -2.1517581
     0.79900000     0.20211002     0.20069744     -2.1525292
     0.80000000     0.20110390     0.19970086     -2.1533092
     0.80100000     0.20009775     0.19870424     -2.1540984
     0.80200000     0.19909156     0.19770759     -2.1548969
     0.80300000     0.19808534     0.19671091     -2.1557050
     0.80400000     0.19707909     0.19571419     -2.1565227
     0.80500000     0.19607280     0.19471745     -2.1573504
     0.80600000     0.19506649     0.19372067     -2.1581880
     0.80700000     0.19406014     0.19272385     -2.1590359
     0.80800000     0.19305376     0.19172701     -2.1598943
     0.80900000     0.19204735     0.19073014     -2.1607632
     0.81000000     0.19104091     0.18973323     -2.1616430
     0.81100000     0.19003444     0.18873630     -2.1625338
     0.81200000     0.18902794     0.18773934     -2.1634359
     0.81300000     0.18802141     0.18674234     -2.1643495
     0.81400000     0.18701485     0.18574532     -2.1652747
     0.81500000     0.18600826     0.18474827     -2.1662119
     0.81600000     0.18500164     0.18375118     -2.1671612
     0.81700000     0.18399499     0.18275407     -2.1681230
     0.81800000     0.18298832     0.18175694     -2.1690974
     0.81900000     0.18198162     0.18075977     -2.1700847
     0.82000000     0.18097489     0.17976257     -2.1710851
     0.82100000     0.17996813     0.17876535     -2.1720991
     0.82200000     0.17896134     0.17776810     -2.1731267
     0.82300000     0.17795453     0.17677083     -2.1741684
     0.82400000     0.17694769     0.17577353     -2.1752243
     0.82500000     0.17594082     0.17477620     -2.1762949
     0.82600000     0.17493393     0.17377884     -2.1773803
     0.82700000     0.17392702     0.17278146     -2.1784810
     0.82800000     0.17292007     0.17178405     -2.1795973
     0.82900000     0.17191310     0.17078662     -2.1807295
     0.83000000     0.17090611     0.16978917     -2.1818779
     0.83100000     0.16989909     0.16879168     -2.1830429
     0.83200000     0.16889205     0.16779418     -2.1842249
     0.83300000     0.16788498     0.16679665     -2.1854243
     0.83400000     0.16687789     0.16579909     -2.1866414
     0.83500000     0.16587078     0.16480151     -2.1878766
     0.83600000     0.16486364     0.16380391     -2.1891305
     0.83700000     0.16385647     0.16280628     -2.1904033
     0.83800000     0.16284929     0.16180864     -2.1916956
     0.83900000     0.16184208     0.16081096     -2.1930078
     0.84000000     0.16083485     0.15981327     -2.1943403
     0.84100000     0.15982760     0.15881555     -2.1956937
     0.84200000     0.15882032     0.15781781     -2.1970685
     0.84300000     0.15781302     0.15682005     -2.1984651
     0.84400000     0.15680570     0.15582227     -2.1998842
     0.84500000     0.15579836     0.15482446     -2.2013263
     0.84600000     0.15479100     0.15382664     -2.2027919
     0.84700000     0.15378361     0.15282879     -2.2042816
     0.84800000     0.15277621     0.15183092     -2.2057961
     0.84900000     0.15176878     0.15083303     -2.2073359
     0.85000000     0.15076134     0.14983512     -2.2089018
     0.85100000     0.14975387     0.14883719     -2.2104945
     0.85200000     0.14874638     0.14783924     -2.2121145
     0.85300000     0.14773888     0.14684127     -2.2137627
     0.85400000     0.14673135     0.14584328     -2.2154398
     0.85500000     0.14572380     0.14484527     -2.2171466
     0.85600000     0.14471624     0.14384724     -2.2188839
     0.85700000     0.14370865     0.14284920     -2.2206526
     0.85800000     0.14270105     0.14185113     -2.2224534
     0.85900000     0.14169343     0.14085304     -2.2242874
     0.86000000     0.14068579     0.13985494     -2.2261554
     0.86100000     0.13967813     0.13885682     -2.2280585
     0.86200000     0.13867045     0.13785867     -2.2299977
     0.86300000     0.13766276     0.13686052     -2.2319739
     0.86400000     0.13665504     0.13586234     -2.2339884
     0.86500000     0.13564731     0.13486414     -2.2360422
     0.86600000     0.13463956     0.13386593     -2.2381366
     0.86700000     0.13363180     0.13286770     -2.2402728
     0.86800000     0.13262401     0.13186946     -2.2424520
     0.86900000     0.13161621     0.13087119     -2.2446757
     0.87000000     0.13060840     0.12987291     -2.2469453
     0.87100000     0.12960056     0.12887462     -2.2492621
     0.87200000     0.12859271     0.12787630     -2.2516278
     0.87300000     0.12758485     0.12687797     -2.2540439
     0.87400000     0.12657696     0.12587963     -2.2565121
     0.87500000     0.12556907     0.12488126     -2.2590342
     0.87600000     0.12456115     0.12388289     -2.2616120
     0.87700000     0.12355322     0.12288449     -2.2642473
     0.87800000     0.12254527     0.12188608     -2.2669423
     0.87900000     0.12153731     0.12088766     -2.2696990
     0.88000000     0.12052934     0.11988922     -2.2725196
     0.88100000     0.11952135     0.11889076     -2.2754064
     0.88200000     0.11851334     0.11789229     -2.2783619
     0.88300000     0.11750532     0.11689381     -2.2813886
     0.88400000     0.11649728     0.11589531     -2.2844891
     0.88500000     0.11548923     0.11489680     -2.2876664
     0.88600000     0.11448117     0.11389827     -2.2909234
     0.88700000     0.11347309     0.11289973     -2.2942632
     0.88800000     0.11246500     0.11190117     -2.2976892
     0.88900000     0.11145689     0.11090260     -2.3012047
     0.89000000     0.11044877     0.10990402     -2.3048136
     0.89100000     0.10944064     0.10890542     -2.3085197
     0.89200000     0.10843249     0.10790681     -2.3123271
     0.89300000     0.10742433     0.10690818     -2.3162402
     0.89400000     0.10641615     0.10590955     -2.3202637
     0.89500000     0.10540797     0.10491090     -2.3244024
     0.89600000     0.10439977     0.10391223     -2.3286616
     0.89700000     0.10339155     0.10291356     -2.3330468
     0.89800000     0.10238333     0.10191487     -2.3375640
     0.89900000     0.10137509     0.10091616     -2.3422194
     0.90000000     0.10036684    0.099917450     -2.3470198
     0.90100000    0.099358575    0.098918723     -2.3519724
     0.90200000    0.098350300    0.097919985     -2.3570849
     0.90300000    0.097342012    0.096921234     -2.3623655
     0.90400000    0.096333713    0.095922471     -2.3678230
     0.90500000    0.095325401    0.094923696     -2.3734670
     0.90600000    0.094317078    0.093924909     -2.3793077
     0.90700000    0.093308744    0.092926111     -2.3853561
     0.90800000    0.092300397    0.091927302     -2.3916242
     0.90900000    0.091292040    0.090928480     -2.3981248
     0.91000000    0.090283671    0.089929648     -2.4048718
     0.91100000    0.089275291    0.088930805     -2.4118804
     0.91200000    0.088266900    0.087931950     -2.4191672
     0.91300000    0.087258498    0.086933085     -2.4267501
     0.91400000    0.086250085    0.085934208     -2.4346487
     0.91500000    0.085241661    0.084935321     -2.4428846
     0.91600000    0.084233227    0.083936423     -2.4514814
     0.91700000    0.083224782    0.082937515     -2.4604653
     0.91800000    0.082216327    0.081938597     -2.4698650
     0.91900000    0.081207862    0.080939668     -2.4797125
     0.92000000    0.080199386    0.079940729     -2.4900432
     0.92100000    0.079190900    0.078941779     -2.5008969
     0.92200000    0.078182404    0.077942820     -2.5123178
     0.92300000    0.077173899    0.076943851     -2.5243559
     0.92400000    0.076165383    0.075944872     -2.5370677
     0.92500000    0.075156858    0.074945883     -2.5505174
     0.92600000    0.074148323    0.073946885     -2.5647781
     0.92700000    0.073139779    0.072947877     -2.5799340
     0.92800000    0.072131225    0.071948860     -2.5960822
     0.92900000    0.071122662    0.070949833     -2.6133358
     0.93000000    0.070114090    0.069950798     -2.6318276
     0.93100000    0.069105508    0.068951753     -2.6517146
     0.93200000    0.068096918    0.067952699     -2.6731843
     0.93300000    0.067088318    0.066953636     -2.6964632
     0.93400000    0.066079710    0.065954564     -2.7218282
     0.93500000    0.065071093    0.064955484     -2.7496227
     0.93600000    0.064062467    0.063956394     -2.7802797
     0.93700000    0.063053833    0.062957296     -2.8143553
     0.93800000    0.062045190    0.061958190     -2.8525805
     0.93900000    0.061036538    0.060959075     -2.8959426
     0.94000000    0.060027879    0.059959952     -2.9458206
     0.94100000    0.059019211    0.058960820     -3.0042236
     0.94200000    0.058010534    0.057961681     -3.0742438
     0.94300000    0.057001850    0.056962533     -3.1610074
     0.94400000    0.055993158    0.055963377     -3.2739704
     0.94500000    0.054984457    0.054964213     -3.4337821
     0.94600000    0.053975749    0.053965042     -3.7024226
     0.94700000    0.052967033    0.052965862     -4.6554342
     0.94800000    0.051958310    0.051966675     -3.7932321
     0.94900000    0.050949578    0.050967480     -3.4543904
     0.95000000    0.049940840    0.049968278     -3.2603328
     0.95100000    0.048932093    0.048969068     -3.1220124
     0.95200000    0.047923339    0.047969851     -3.0134067
     0.95300000    0.046914578    0.046970627     -2.9232649
     0.95400000    0.045905810    0.045971395     -2.8456851
     0.95500000    0.044897034    0.044972156     -2.7771810
     0.95600000    0.043888252    0.043972910     -2.7155184
     0.95700000    0.042879462    0.042973656     -2.6591777
     0.95800000    0.041870665    0.041974396     -2.6070766
     0.95900000    0.040861862    0.040975129     -2.5584156
     0.96000000    0.039853051    0.039975855     -2.5125857
     0.96100000    0.038844234    0.038976575     -2.4691112
     0.96200000    0.037835410    0.037977287     -2.4276121
     0.96300000    0.036826580    0.036977993     -2.3877788
     0.96400000    0.035817742    0.035978692     -2.3493544
     0.96500000    0.034808899    0.034979385     -2.3121221
     0.96600000    0.033800049    0.033980072     -2.2758962
     0.96700000    0.032791192    0.032980752     -2.2405148
     0.96800000    0.031782330    0.031981426     -2.2058350
     0.96900000    0.030773460    0.030982093     -2.1717285
     0.97000000    0.029764585    0.029982754     -2.1380781
     0.97100000    0.028755704    0.028983410     -2.1047756
     0.97200000    0.027746816    0.027984059     -2.0717187
     0.97300000    0.026737923    0.026984702     -2.0388098
     0.97400000    0.025729024    0.025985339     -2.0059539
     0.97500000    0.024720118    0.024985970     -1.9730566
     0.97600000    0.023711207    0.023986596     -1.9400230
     0.97700000    0.022702290    0.022987215     -1.9067560
     0.97800000    0.021693368    0.021987829     -1.8731540
     0.97900000    0.020684440    0.020988438     -1.8391095
     0.98000000    0.019675506    0.019989040     -1.8045066
     0.98100000    0.018666566    0.018989637     -1.7692187
     0.98200000    0.017657622    0.017990229     -1.7331046
     0.98300000    0.016648671    0.016990815     -1.6960052
     0.98400000    0.015639716    0.015991396     -1.6577380
     0.98500000    0.014630755    0.014991972     -1.6180904
     0.98600000    0.013621788    0.013992542     -1.5768112
     0.98700000    0.012612817    0.012993107     -1.5335979
     0.98800000    0.011603840    0.011993667     -1.4880804
     0.98900000    0.010594858    0.010994222     -1.4397964
     0.99000000   0.0095858715   0.0099947712     -1.3881560
     0.99100000   0.0085768796   0.0089953159     -1.3323871
     0.99200000   0.0075678828   0.0079958556     -1.2714488
     0.99300000   0.0065588810   0.0069963903     -1.2038867
     0.99400000   0.0055498744   0.0059969202     -1.1275762
     0.99500000   0.0045408629   0.0049974453     -1.0392289
     0.99600000   0.0035318467   0.0039979656    -0.93334231
     0.99700000   0.0025228257   0.0029984812    -0.79960884
     0.99800000   0.0015138001   0.0019989921    -0.61489745
